 Source  Destination DistanceSuivant
    NaN          2.0         0.57 km
    1.0          3.0         0.47 km
    2.0          4.0         0.49 km
    3.0          5.0         0.74 km
    4.0          6.0         0.38 km
    5.0          7.0         0.63 km
    6.0          8.0         0.54 km
    7.0          9.0         0.56 km
    8.0         10.0         0.36 km
    9.0         11.0         0.68 km
   10.0         12.0         0.29 km
   11.0         13.0         0.69 km
   12.0         14.0         0.67 km
   13.0         15.0         0.78 km
   14.0         16.0         1.04 km
   15.0         17.0         1.04 km
   16.0         18.0         1.11 km
   17.0         19.0         2.19 km
   18.0          -              -
    -           21.0         0.88 km
   20.0         22.0         1.21 km
   21.0         23.0         0.56 km
   22.0         24.0         0.41 km
   23.0         25.0         0.47 km
   24.0         26.0         0.47 km
   25.0         27.0         0.43 km
   26.0         28.0         0.50 km
   27.0         29.0         0.33 km
   28.0         30.0         0.40 km
   29.0         31.0         0.52 km
   30.0         32.0         0.48 km
   31.0         33.0         0.40 km
   32.0         34.0         0.39 km
   33.0         35.0         0.44 km
   34.0         36.0         0.67 km
   35.0         37.0         0.67 km
   36.0         38.0         0.47 km
   37.0         39.0         0.35 km
   38.0         40.0         0.43 km
   39.0         41.0         0.50 km
   40.0         42.0         0.37 km
   41.0         43.0         0.43 km
   42.0         44.0         0.31 km
   43.0          -              - 
    -           46.0         0.42 km
   45.0         47.0         0.52 km
   46.0         48.0         0.52 km
   47.0         49.0         0.50 km
   48.0         50.0         0.50 km
   49.0         51.0         0.63 km
   50.0         52.0         0.48 km
   51.0         53.0         0.44 km
   52.0         54.0         0.45 km
   53.0         55.0         0.32 km
   54.0         56.0         0.40 km
   55.0         57.0         0.53 km
   56.0         58.0         0.40 km
   57.0         59.0         0.58 km
   58.0         60.0         0.55 km
   59.0         61.0         0.73 km
   60.0         62.0         0.91 km
   61.0         63.0         0.55 km
   62.0         64.0         1.19 km
   63.0         65.0         1.04 km
   64.0         66.0          - 
    -           67.0         0.52 km
   66.0         68.0         0.48 km
   67.0         69.0         0.36 km
   68.0          -            -
    -           71.0         0.43 km
   70.0         72.0         0.45 km
   71.0         73.0         0.36 km
   72.0         74.0         0.45 km
   73.0         75.0         0.46 km
   74.0         76.0         0.40 km
   75.0         77.0         0.29 km
   76.0         78.0         0.42 km
   77.0         79.0         0.34 km
   78.0         80.0         0.40 km
   79.0         81.0         0.30 km
   80.0         82.0         0.42 km
   81.0         83.0         0.31 km
   82.0         84.0         0.39 km
   83.0         85.0         0.32 km
   84.0         86.0         0.46 km
   85.0         87.0         0.37 km
   86.0         88.0         0.46 km
   87.0         89.0         0.53 km
   88.0         90.0         0.36 km
   89.0         91.0         0.27 km
   90.0         92.0         0.42 km
   91.0         93.0         0.57 km
   92.0         94.0         0.30 km
   93.0         95.0         0.49 km
   94.0          -           – 
    -           97.0         0.51 km
   96.0         98.0         0.38 km
   97.0         99.0         0.47 km
   98.0        100.0         0.91 km
   99.0        101.0         0.68 km
  100.0        102.0         0.33 km
  101.0        103.0         0.44 km
  102.0        104.0         0.62 km
  103.0        105.0         0.56 km
  104.0        106.0         0.60 km
  105.0        107.0         0.44 km
  106.0        108.0         0.40 km
  107.0        109.0         0.72 km
  108.0        110.0         0.65 km
  109.0        111.0         0.64 km
  110.0        112.0         0.58 km
  111.0        113.0         0.51 km
  112.0          NaN            – km
    NaN        115.0         0.41 km
  114.0        116.0         0.52 km
  115.0        117.0         0.60 km
  116.0        118.0         0.63 km
  117.0        119.0         0.46 km
  118.0        120.0         0.56 km
  119.0        121.0         0.52 km
  120.0        122.0         0.48 km
  121.0        123.0         0.56 km
  122.0        124.0         0.49 km
  123.0        125.0         0.60 km
  124.0        126.0         0.39 km
  125.0        127.0         0.35 km
  126.0        128.0         0.41 km
  127.0        129.0         0.58 km
  128.0        130.0         0.52 km
  129.0        131.0         0.72 km
  130.0        132.0         0.56 km
  131.0        133.0         0.74 km
  132.0        134.0         0.61 km
  133.0        135.0         0.57 km
  134.0        136.0         0.66 km
  135.0        137.0         1.11 km
  136.0        138.0         0.70 km
  137.0        139.0         0.62 km
  138.0        140.0         0.44 km
  139.0        141.0         0.44 km
  140.0          -             – 
    -          143.0         0.38 km
  142.0        144.0         0.48 km
  143.0        145.0         0.57 km
  144.0        146.0         0.64 km
  145.0        147.0         0.57 km
  146.0        148.0         0.35 km
  147.0        149.0         0.40 km
  148.0        150.0         0.36 km
  149.0        151.0         0.77 km
  150.0        152.0         0.42 km
  151.0        153.0         0.37 km
  152.0        154.0         0.34 km
  153.0        155.0         0.55 km
  154.0        156.0         0.44 km
  155.0        157.0         0.42 km
  156.0        158.0         0.49 km
  157.0        159.0         0.41 km
  158.0        160.0         0.63 km
  159.0        161.0         0.70 km
  160.0        162.0         0.77 km
  161.0        163.0         0.41 km
  162.0        164.0         0.38 km
  163.0        165.0         0.52 km
  164.0        166.0         0.53 km
  165.0        167.0         0.51 km
  166.0        168.0         0.42 km
  167.0        169.0         0.59 km
  168.0        170.0         0.49 km
  169.0        171.0         0.50 km
  170.0          -          - 
    -          173.0         0.33 km
  172.0        174.0         0.25 km
  173.0        175.0         0.40 km
  174.0        176.0         0.56 km
  175.0        177.0         0.52 km
  176.0        178.0         0.71 km
  177.0        179.0         0.46 km
  178.0        180.0         0.44 km
  179.0          -            -
    -          182.0         0.44 km
  181.0        183.0         0.52 km
  182.0        184.0         0.56 km
  183.0        185.0         0.40 km
  184.0        186.0         0.56 km
  185.0        187.0         0.79 km
  186.0        188.0         0.49 km
  187.0        189.0         0.43 km
  188.0        190.0         0.50 km
  189.0        191.0         0.64 km
  190.0        192.0         0.38 km
  191.0        193.0         0.86 km
  192.0        194.0         0.52 km
  193.0        195.0         0.39 km
  194.0        196.0         0.48 km
  195.0        197.0         0.52 km
  196.0        198.0         0.68 km
  197.0        199.0         0.36 km
  198.0        200.0         0.21 km
  199.0        201.0         0.46 km
  200.0        202.0         0.83 km
  201.0        203.0         0.68 km
  202.0        204.0         0.75 km
  203.0        205.0         0.61 km
  204.0        206.0         0.60 km
  205.0        207.0         0.74 km
  206.0        208.0         0.41 km
  207.0        209.0         0.46 km
  208.0          -              – 
    -          211.0         0.54 km
  210.0        212.0         0.48 km
  211.0        213.0         0.40 km
  212.0        214.0         0.52 km
  213.0        215.0         0.40 km
  214.0        216.0         0.41 km
  215.0        217.0         0.40 km
  216.0        218.0         0.86 km
  217.0        219.0         0.68 km
  218.0        220.0         0.49 km
  219.0        221.0         0.74 km
  220.0        222.0         0.65 km
  221.0        223.0         0.64 km
  222.0        224.0         0.66 km
  223.0        225.0         0.54 km
  224.0        226.0         0.48 km
  225.0        227.0         0.43 km
  226.0        228.0         0.49 km
  227.0        229.0         0.34 km
  228.0        230.0         0.49 km
  229.0        231.0         0.55 km
  230.0        232.0         0.60 km
  231.0        233.0         0.43 km
  232.0        234.0         0.52 km
  233.0        235.0         0.61 km
  234.0        236.0         0.54 km
  235.0        237.0         0.59 km
  236.0        238.0         0.75 km
  237.0        239.0         0.58 km
  238.0          -           0.60 km
    -          241.0            -
  240.0        242.0         0.91 km
  241.0        243.0         0.34 km
  242.0        244.0         0.30 km
  243.0        245.0         0.41 km
  244.0        246.0         0.44 km
  245.0        247.0         0.34 km
  246.0        248.0         0.69 km
  247.0        249.0         0.59 km
  248.0        250.0         0.56 km
  249.0        251.0         0.63 km
  250.0        252.0         0.97 km
  251.0        253.0         0.28 km
  252.0        254.0         0.78 km
  253.0        255.0         0.65 km
  254.0        256.0         0.64 km
  255.0        257.0         0.59 km
  256.0        258.0         0.46 km
  257.0        259.0         0.45 km
  258.0        260.0         0.46 km
  259.0        261.0         0.57 km
  260.0          -             -
    -          263.0         0.36 km
  262.0        264.0         0.43 km
  263.0        265.0         0.48 km
  264.0        266.0         0.60 km
  265.0        267.0         0.59 km
  266.0        268.0         0.84 km
  267.0        269.0         0.70 km
  268.0        270.0         0.80 km
  269.0        271.0         0.55 km
  270.0        272.0         0.49 km
  271.0        273.0         0.76 km
  272.0          -              -
    -          275.0         0.76 km
  274.0        276.0         0.67 km
  275.0        277.0         0.25 km
  276.0        278.0         0.47 km
  277.0        279.0         0.40 km
  278.0        280.0         0.74 km
  279.0        281.0         0.40 km
  280.0        282.0         0.48 km
  281.0        283.0         0.36 km
  282.0        284.0         0.44 km
  283.0        285.0         0.55 km
  284.0        286.0         0.52 km
  285.0        287.0         0.56 km
  286.0        288.0         0.55 km
  287.0        289.0         0.39 km
  288.0        290.0         0.44 km
  289.0        291.0         0.65 km
  290.0        292.0         0.47 km
  291.0        293.0         0.59 km
  292.0        294.0         0.53 km
  293.0        295.0         0.51 km
  294.0        296.0         0.42 km
  295.0        297.0         0.44 km
  296.0        298.0         0.54 km
  297.0        299.0         0.52 km
  298.0          -            -
    -          301.0         0.49 km
  300.0        302.0         0.49 km
  301.0        303.0         0.58 km
  302.0        304.0         0.55 km
  303.0        305.0         0.35 km
  304.0        306.0         0.59 km
  305.0        307.0         0.47 km
  306.0        308.0         0.47 km
  307.0        309.0         0.65 km
  308.0        310.0         0.63 km
  309.0        311.0         0.52 km
  310.0        312.0         0.42 km
  311.0        313.0         0.67 km
  312.0        314.0         0.61 km
  313.0        315.0         0.49 km
  314.0        316.0         0.50 km
  315.0        317.0            0 km
  316.0        318.0         0.49 km
  317.0        319.0         0.53 km
  318.0          -            -
    -          321.0         0.60 km
  320.0        322.0         0.72 km
  321.0        323.0         0.62 km
  322.0        324.0         0.52 km
  323.0        325.0         0.95 km
  324.0        326.0         1.38 km
  325.0        327.0         0.77 km
  326.0        328.0         0.69 km
  327.0        329.0         0.90 km
  328.0        330.0         0.78 km
  329.0        331.0          1 km
  330.0          -          -